% File generated by PSAT from IEEE/CDF data file.
% ------------------------------------------------------------------------------
% Author:   Federico Milano
% E-mail:   fmilano@thunderbox.uwaterloo.ca
% Web-site: http://thunderbox.uwaterloo.ca/~fmilano
% ------------------------------------------------------------------------------
%  08/25/93 UW ARCHIVE           100.0  1961 W IEEE 118 Bus Test Case

Bus.con = [ ...
   1    1.00  0.95500  0.18623  1  1;
   2    1.00  0.97100  0.19583  1  1;
   3    1.00  0.96800  0.20176  1  1;
   4    1.00  0.99800  0.26669  1  1;
   5    1.00  1.00200  0.27454  1  1;
   6    1.00  0.99000  0.22689  1  1;
   7    1.00  0.98900  0.21921  1  1;
   8    1.00  1.01500  0.36250  1  1;
   9    1.00  1.04300  0.48904  1  1;
  10    1.00  1.05000  0.62151  1  1;
  11    1.00  0.98500  0.22201  1  1;
  12    1.00  0.99000  0.21293  1  1;
  13    1.00  0.96800  0.19809  1  1;
  14    1.00  0.98400  0.20071  1  1;
  15    1.00  0.97000  0.19600  1  1;
  16    1.00  0.98400  0.20787  1  1;
  17    1.00  0.99500  0.23981  1  1;
  18    1.00  0.97300  0.20124  1  1;
  19    1.00  0.96200  0.19286  1  1;
  20    1.00  0.95800  0.20822  1  1;
  21    1.00  0.95900  0.23597  1  1;
  22    1.00  0.97000  0.28065  1  1;
  23    1.00  1.00000  0.36652  1  1;
  24    1.00  0.99200  0.36460  1  1;
  25    1.00  1.05000  0.48747  1  1;
  26    1.00  1.01500  0.51854  1  1;
  27    1.00  0.96800  0.26791  1  1;
  28    1.00  0.96200  0.23771  1  1;
  29    1.00  0.96300  0.22044  1  1;
  30    1.00  0.96800  0.32795  1  1;
  31    1.00  0.96700  0.22253  1  1;
  32    1.00  0.96300  0.25831  1  1;
  33    1.00  0.97200  0.18553  1  1;
  34    1.00  0.98400  0.19722  1  1;
  35    1.00  0.98100  0.18972  1  1;
  36    1.00  0.98000  0.18972  1  1;
  37    1.00  0.99200  0.20543  1  1;
  38    1.00  0.96200  0.29514  1  1;
  39    1.00  0.97000  0.14678  1  1;
  40    1.00  0.97000  0.12828  1  1;
  41    1.00  0.96700  0.12078  1  1;
  42    1.00  0.98500  0.14888  1  1;
  43    1.00  0.97800  0.19687  1  1;
  44    1.00  0.98500  0.24120  1  1;
  45    1.00  0.98700  0.27349  1  1;
  46    1.00  1.00500  0.32271  1  1;
  47    1.00  1.01700  0.36181  1  1;
  48    1.00  1.02100  0.34784  1  1;
  49    1.00  1.02500  0.36547  1  1;
  50    1.00  1.00100  0.32987  1  1;
  51    1.00  0.96700  0.28414  1  1;
  52    1.00  0.95700  0.26738  1  1;
  53    1.00  0.94600  0.25045  1  1;
  54    1.00  0.95500  0.26634  1  1;
  55    1.00  0.95200  0.26128  1  1;
  56    1.00  0.95400  0.26459  1  1;
  57    1.00  0.97100  0.28554  1  1;
  58    1.00  0.95900  0.27070  1  1;
  59    1.00  0.98500  0.33807  1  1;
  60    1.00  0.99300  0.40404  1  1;
  61    1.00  0.99500  0.41958  1  1;
  62    1.00  0.99800  0.40893  1  1;
  63    1.00  0.96900  0.39706  1  1;
  64    1.00  0.98400  0.42795  1  1;
  65    1.00  1.00500  0.48258  1  1;
  66    1.00  1.05000  0.47962  1  1;
  67    1.00  1.02000  0.43354  1  1;
  68    1.00  1.00300  0.48084  1  1;
  69    1.00  1.03500  0.52360  1  1;
  70    1.00  0.98400  0.39410  1  1;
  71    1.00  0.98700  0.38659  1  1;
  72    1.00  0.98000  0.36617  1  1;
  73    1.00  0.99100  0.38293  1  1;
  74    1.00  0.95800  0.37769  1  1;
  75    1.00  0.96700  0.39985  1  1;
  76    1.00  0.94300  0.37996  1  1;
  77    1.00  1.00600  0.46635  1  1;
  78    1.00  1.00300  0.46112  1  1;
  79    1.00  1.00900  0.46635  1  1;
  80    1.00  1.04000  0.50545  1  1;
  81    1.00  0.99700  0.49044  1  1;
  82    1.00  0.98900  0.47543  1  1;
  83    1.00  0.98500  0.49602  1  1;
  84    1.00  0.98000  0.54018  1  1;
  85    1.00  0.98500  0.56741  1  1;
  86    1.00  0.98700  0.54350  1  1;
  87    1.00  1.01500  0.54803  1  1;
  88    1.00  0.98700  0.62204  1  1;
  89    1.00  1.00500  0.69272  1  1;
  90    1.00  0.98500  0.58102  1  1;
  91    1.00  0.98000  0.58137  1  1;
  92    1.00  0.99000  0.58992  1  1;
  93    1.00  0.98700  0.53739  1  1;
  94    1.00  0.99100  0.49986  1  1;
  95    1.00  0.98100  0.48293  1  1;
  96    1.00  0.99300  0.48014  1  1;
  97    1.00  1.01100  0.48660  1  1;
  98    1.00  1.02400  0.47822  1  1;
  99    1.00  1.01000  0.47194  1  1;
 100    1.00  1.01700  0.48922  1  1;
 101    1.00  0.99300  0.51679  1  1;
 102    1.00  0.99100  0.56374  1  1;
 103    1.00  1.01000  0.42656  1  1;
 104    1.00  0.97100  0.37856  1  1;
 105    1.00  0.96500  0.35901  1  1;
 106    1.00  0.96200  0.35465  1  1;
 107    1.00  0.95200  0.30596  1  1;
 108    1.00  0.96700  0.33824  1  1;
 109    1.00  0.96700  0.33039  1  1;
 110    1.00  0.97300  0.31573  1  1;
 111    1.00  0.98000  0.34453  1  1;
 112    1.00  0.97500  0.26162  1  1;
 113    1.00  0.99300  0.23981  1  1;
 114    1.00  0.96000  0.25237  1  1;
 115    1.00  0.96000  0.25237  1  1;
 116    1.00  1.00500  0.47333  1  1;
 117    1.00  0.97400  0.18623  1  1;
 118    1.00  0.94900  0.38258  1  1;
  ];

SW.con = [ ...
  69 100.0   1.00  1.03500  0.52360  3.00000 -3.00000 1.1 0.9  5.16400 1 1 1;
  ];

