% File generated by PSAT from IEEE/CDF data file.
% ------------------------------------------------------------------------------
% Author:   Federico Milano
% E-mail:   fmilano@thunderbox.uwaterloo.ca
% Web-site: http://thunderbox.uwaterloo.ca/~fmilano
% ------------------------------------------------------------------------------
%  08/25/93 UW ARCHIVE           100.0  1961 W IEEE 57 Bus Test Case

Bus.con = [ ...
   1    1.00  1.04000  0.00000  1  1;
   2    1.00  1.01000 -0.02059  1  1;
   3    1.00  0.98500 -0.10420  1  1;
   4    1.00  0.98100 -0.12776  1  1;
   5    1.00  0.97600 -0.14870  1  1;
   6    1.00  0.98000 -0.15097  1  1;
   7    1.00  0.98400 -0.13230  1  1;
   8    1.00  1.00500 -0.07767  1  1;
   9    1.00  0.98000 -0.16685  1  1;
  10    1.00  0.98600 -0.19949  1  1;
  11    1.00  0.97400 -0.17750  1  1;
  12    1.00  1.01500 -0.18256  1  1;
  13    1.00  0.97900 -0.17087  1  1;
  14    1.00  0.97000 -0.16284  1  1;
  15    1.00  0.98800 -0.12531  1  1;
  16    1.00  1.01300 -0.15446  1  1;
  17    1.00  1.01700 -0.09407  1  1;
  18    1.00  1.00100 -0.20438  1  1;
  19    1.00  0.97000 -0.23038  1  1;
  20    1.00  0.96400 -0.23405  1  1;
  21    1.00  1.00800 -0.22497  1  1;
  22    1.00  1.01000 -0.22410  1  1;
  23    1.00  1.00800 -0.22532  1  1;
  24    1.00  0.99900 -0.23126  1  1;
  25    1.00  0.98200 -0.31643  1  1;
  26    1.00  0.95900 -0.22602  1  1;
  27    1.00  0.98200 -0.20036  1  1;
  28    1.00  0.99700 -0.18239  1  1;
  29    1.00  1.01000 -0.17017  1  1;
  30    1.00  0.96200 -0.32603  1  1;
  31    1.00  0.93600 -0.33755  1  1;
  32    1.00  0.94900 -0.32219  1  1;
  33    1.00  0.94700 -0.32289  1  1;
  34    1.00  0.95900 -0.24609  1  1;
  35    1.00  0.96600 -0.24190  1  1;
  36    1.00  0.97600 -0.23719  1  1;
  37    1.00  0.98500 -0.23405  1  1;
  38    1.00  1.01300 -0.22183  1  1;
  39    1.00  0.98300 -0.23492  1  1;
  40    1.00  0.97300 -0.23771  1  1;
  41    1.00  0.99600 -0.24522  1  1;
  42    1.00  0.96600 -0.27053  1  1;
  43    1.00  1.01000 -0.19775  1  1;
  44    1.00  1.01700 -0.20700  1  1;
  45    1.00  1.03600 -0.16144  1  1;
  46    1.00  1.05000 -0.20752  1  1;
  47    1.00  1.03300 -0.21799  1  1;
  48    1.00  1.02700 -0.21974  1  1;
  49    1.00  1.03600 -0.22550  1  1;
  50    1.00  1.02300 -0.23370  1  1;
  51    1.00  1.05200 -0.21852  1  1;
  52    1.00  0.98000 -0.20019  1  1;
  53    1.00  0.97100 -0.21345  1  1;
  54    1.00  0.99600 -0.20403  1  1;
  55    1.00  1.03100 -0.18815  1  1;
  56    1.00  0.96800 -0.27995  1  1;
  57    1.00  0.96500 -0.28903  1  1;
  ];

SW.con = [ ...
   1 100.0   1.00  1.04000  0.00000  0.00000  0.00000 1.1 0.9  1.28900 1 1 1;
  ];

PV.con = [ ...
   2 100.0   1.00  0.00000  1.01000  0.50000 -0.17000 1.1 0.9 1  1;
   3 100.0   1.00  0.40000  0.98500  0.60000 -0.10000 1.1 0.9 1  1;
   6 100.0   1.00  0.00000  0.98000  0.25000 -0.08000 1.1 0.9 1  1;
   8 100.0   1.00  4.50000  1.00500  2.00000 -1.40000 1.1 0.9 1  1;
   9 100.0   1.00  0.00000  0.98000  0.09000 -0.03000 1.1 0.9 1  1;
  12 100.0   1.00  3.10000  1.01500  1.55000 -1.50000 1.1 0.9 1  1;
  ];

PQ.con = [ ...
   1 100.0   1.00  0.55000  0.17000 1.1 0.9 1  1;
   2 100.0   1.00  0.03000  0.88000 1.1 0.9 1  1;
   3 100.0   1.00  0.41000  0.21000 1.1 0.9 1  1;
   5 100.0   1.00  0.13000  0.04000 1.1 0.9 1  1;
   6 100.0   1.00  0.75000  0.02000 1.1 0.9 1  1;
   8 100.0   1.00  1.50000  0.22000 1.1 0.9 1  1;
   9 100.0   1.00  1.21000  0.26000 1.1 0.9 1  1;
  10 100.0   1.00  0.05000  0.02000 1.1 0.9 1  1;
  12 100.0   1.00  3.77000  0.24000 1.1 0.9 1  1;
  13 100.0   1.00  0.18000  0.02300 1.1 0.9 1  1;
  14 100.0   1.00  0.10500  0.05300 1.1 0.9 1  1;
  15 100.0   1.00  0.22000  0.05000 1.1 0.9 1  1;
  16 100.0   1.00  0.43000  0.03000 1.1 0.9 1  1;
  17 100.0   1.00  0.42000  0.08000 1.1 0.9 1  1;
  18 100.0   1.00  0.27200  0.09800 1.1 0.9 1  1;
  19 100.0   1.00  0.03300  0.00600 1.1 0.9 1  1;
  20 100.0   1.00  0.02300  0.01000 1.1 0.9 1  1;
  23 100.0   1.00  0.06300  0.02100 1.1 0.9 1  1;
  25 100.0   1.00  0.06300  0.03200 1.1 0.9 1  1;
  27 100.0   1.00  0.09300  0.00500 1.1 0.9 1  1;
  28 100.0   1.00  0.04600  0.02300 1.1 0.9 1  1;
  29 100.0   1.00  0.17000  0.02600 1.1 0.9 1  1;
  30 100.0   1.00  0.03600  0.01800 1.1 0.9 1  1;
  31 100.0   1.00  0.05800  0.02900 1.1 0.9 1  1;
  32 100.0   1.00  0.01600  0.00800 1.1 0.9 1  1;
  33 100.0   1.00  0.03800  0.01900 1.1 0.9 1  1;
  35 100.0   1.00  0.06000  0.03000 1.1 0.9 1  1;
  38 100.0   1.00  0.14000  0.07000 1.1 0.9 1  1;
  41 100.0   1.00  0.06300  0.03000 1.1 0.9 1  1;
  42 100.0   1.00  0.07100  0.04400 1.1 0.9 1  1;
  43 100.0   1.00  0.02000  0.01000 1.1 0.9 1  1;
  44 100.0   1.00  0.12000  0.01800 1.1 0.9 1  1;
  47 100.0   1.00  0.29700  0.11600 1.1 0.9 1  1;
  49 100.0   1.00  0.18000  0.08500 1.1 0.9 1  1;
  50 100.0   1.00  0.21000  0.10500 1.1 0.9 1  1;
  51 100.0   1.00  0.18000  0.05300 1.1 0.9 1  1;
  52 100.0   1.00  0.04900  0.02200 1.1 0.9 1  1;
  53 100.0   1.00  0.20000  0.10000 1.1 0.9 1  1;
  54 100.0   1.00  0.04100  0.01400 1.1 0.9 1  1;
  55 100.0   1.00  0.06800  0.03400 1.1 0.9 1  1;
  56 100.0   1.00  0.07600  0.02200 1.1 0.9 1  1;
  57 100.0   1.00  0.06700  0.02000 1.1 0.9 1  1;
  ];

Shunt.con = [ ...
  18 100.0   1.00 60  0.00000  0.10000  1;
  25 100.0   1.00 60  0.00000  0.05900  1;
  53 100.0   1.00 60  0.00000  0.06300  1;
  ];

